# map size [width, height]:
1  20 160  100 160  0 1
2  400 80  460 80  0 1
3  300 80  360 80  0 1
4  500 80  560 80  0 1
5  580 360  580 320  1 0
6  600 160  600 120  1 0
7  140 300  160 320  -0.707107 0.707107
8  160 320  240 320  0 1
9  660 120  660 160  -1 0
10  120 140  90 110  0.707107 -0.707107
11  100 160  120 140  0.707107 0.707107
12  150 110  180 80  0.707107 0.707107
13  120 80  150 110  -0.707107 0.707107
14  360 60  300 60  0 -1
15  460 60  400 60  0 -1
16  560 60  500 60  0 -1
17  700 20  700 120  -1 0
18  140 20  140 60  -1 0
19  80 120  20 120  0 -1
20  20 120  20 20  1 0
21  20 20  140 20  0 1
22  140 60  120 80  -0.707107 -0.707107
23  90 110  80 120  -0.707107 -0.707107
24  180 140  140 180  -0.707107 -0.707107
25  300 140  180 140  0 -1
26  300 120  300 140  -1 0
27  180 80  180 20  1 0
28  180 20  700 20  0 1
29  700 120  660 120  0 -1
30  640 400  150 400  0 -1
31  700 160  700 340  -1 0
32  660 160  700 160  0 1
33  150 400  150 380  1 0
34  150 380  110 380  0 -1
35  110 380  110 400  -1 0
36  110 400  20 400  0 -1
37  80 280  20 280  0 -1
38  20 320  80 320  0 1
39  20 400  20 320  1 0
40  80 320  80 280  1 0
41  20 280  20 160  1 0
42  140 180  140 300  -1 0
43  360 80  360 60  1 0
44  300 60  300 80  -1 0
45  460 80  460 60  1 0
46  400 60  400 80  -1 0
47  560 80  560 60  1 0
48  500 60  500 80  -1 0
49  240 280  160 280  0 -1
50  160 280  160 180  1 0
51  160 180  300 180  0 1
52  300 180  300 220  -1 0
53  300 260  300 280  -1 0
54  300 280  280 280  0 -1
55  240 320  240 280  1 0
56  280 280  280 360  -1 0
57  340 320  340 260  1 0
58  340 220  340 160  1 0
59  400 160  400 120  1 0
60  440 120  440 160  -1 0
61  400 360  400 320  1 0
62  440 320  440 360  -1 0
63  300 220  340 220  0 1
64  340 260  300 260  0 -1
65  340 160  400 160  0 1
66  400 120  300 120  0 -1
67  440 160  500 160  0 1
68  500 160  500 220  -1 0
69  500 220  560 220  0 1
70  560 220  560 160  1 0
71  560 160  600 160  0 1
72  600 120  440 120  0 -1
73  580 320  560 320  0 -1
74  560 320  560 260  1 0
75  560 260  500 260  0 -1
76  500 260  500 320  -1 0
77  500 320  440 320  0 -1
78  400 320  340 320  0 -1
79  440 360  580 360  0 1
80  280 360  400 360  0 1
81  400 200  400 280  -1 0
82  440 200  400 200  0 -1
83  400 280  440 280  0 1
84  600 220  600 260  -1 0
85  600 260  660 260  0 1
86  660 260  660 220  1 0
87  660 220  600 220  0 -1
88  440 280  440 200  1 0
89  100 240  100 200  1 0
90  100 200  60 200  0 -1
91  60 200  60 240  -1 0
92  60 240  100 240  0 1
93  700 340  640 400  -0.707107 -0.707107
