id from to
1 5 2 12 2
2 5 8 5 2
3 7.5 8 5 8
4 7.5 10.5 7.5 8
5 4.5 10.5 7.5 10.5
6 4.5 22 4.5 10.5
7 27 22 4.5 22
8 27 11 27 22
9 28 11 27 11
10 28 3 28 11
11 20.5 3 28 3
12 20.5 4.5 20.5 3
13 20 4.5 20.5 4.5
14 20 2 20 4.5
15 12.5 2 20 2
16 12.5 4.5 12.5 2
17 12 4.5 12.5 4.5
18 12 2 12 4.5
19 12 6.5 12 8
20 12 8 9.5 8
21 9.5 8 9.5 12
22 9.5 12 7.5 16.5
23 7.5 16.5 6.5 16.5
24 6.5 16.5 6.5 18
25 6.5 18 11 18
26 11 18 11 11.5
27 11 11.5 15 11.5
28 15 11.5 15 11
29 15 11 12.5 11
30 12.5 11 12.5 6.5
31 12.5 6.5 12 6.5
32 12.5 19 12.5 20
33 12.5 20 16 20
34 16 20 16 19
35 16 19 12.5 19
36 19 19 19 20
37 19 20 24.5 20
38 24.5 20 24.5 16.5
39 24.5 16.5 23.5 16.5
40 23.5 16.5 23.5 19
41 23.5 19 19 19
42 20 7.5 20 11
43 20 11 18 11
44 18 11 18 11.5
45 18 11.5 23.5 11.5
46 23.5 11.5 23.5 13.5
47 23.5 13.5 24.5 13.5
48 24.5 13.5 24.5 8
49 24.5 8 23.5 8
50 23.5 8 23.5 9.5
51 23.5 9.5 20.5 9.5
52 20.5 9.5 20.5 7.5
53 20.5 7.5 20 7.5
54 15 5 15 9
55 15 9 17.5 9
56 17.5 9 17.5 5
57 17.5 5 15 5
